%YAML:1.0
---
calibration_time: "2020年07月20日 星期一 20时14分54秒"
nframes: 70
image_width: 1920
image_height: 1080
board_width: 9
board_height: 7
square_size: 25.
flags: 0
camera_matrix: !!opencv-matrix
   rows: 3
   cols: 3
   dt: d
   data: [ 1.3956899476875051e+03, 0., 9.7193602896407845e+02, 0.,
       1.3947943971464197e+03, 5.3302655917076856e+02, 0., 0., 1. ]
distortion_coefficients: !!opencv-matrix
   rows: 5
   cols: 1
   dt: d
   data: [ 6.7057780869368977e-02, 4.4369382923821421e-01,
       -5.1161324028707145e-04, 2.9578139165347693e-05,
       -1.7808787660395138e+00 ]
avg_reprojection_error: 5.9167705523400116e-01
per_view_reprojection_errors: !!opencv-matrix
   rows: 70
   cols: 1
   dt: f
   data: [ 4.79475975e-01, 4.83741611e-01, 6.90186679e-01,
       9.66272950e-01, 6.47520483e-01, 8.95500541e-01, 4.36289072e-01,
       6.36784971e-01, 6.45282865e-01, 8.25395048e-01, 5.30480623e-01,
       5.11100829e-01, 3.96775186e-01, 2.56688178e-01, 6.07258499e-01,
       5.94017386e-01, 7.22483695e-01, 5.99004447e-01, 5.20829439e-01,
       5.98246574e-01, 9.60081816e-01, 7.82973528e-01, 4.96218741e-01,
       5.01289964e-01, 3.55276406e-01, 4.38883871e-01, 3.60905051e-01,
       4.59537923e-01, 5.72465777e-01, 4.28518862e-01, 5.67577899e-01,
       4.49929655e-01, 4.24342275e-01, 6.71838880e-01, 7.14797914e-01,
       5.13915956e-01, 4.51229006e-01, 4.15256500e-01, 2.91102529e-01,
       5.44403017e-01, 5.98905802e-01, 6.47470772e-01, 4.51255739e-01,
       3.30640972e-01, 4.06396836e-01, 5.77445686e-01, 6.71475172e-01,
       7.39514291e-01, 4.99199778e-01, 9.17594969e-01, 7.64074445e-01,
       6.59943640e-01, 5.86602986e-01, 5.53576052e-01, 6.21771395e-01,
       3.36324632e-01, 3.85263413e-01, 6.76424146e-01, 4.65299934e-01,
       9.51210797e-01, 5.53056300e-01, 5.82527161e-01, 7.29556739e-01,
       3.52400750e-01, 2.91655272e-01, 4.60122228e-01, 5.60413659e-01,
       4.71076697e-01, 4.51109022e-01, 9.56131697e-01 ]
# a set of 6-tuples (rotation vector + translation vector) for each view
extrinsic_parameters: !!opencv-matrix
   rows: 70
   cols: 6
   dt: d
   data: [ -2.2536374566706582e-02, -1.9765053254541472e-02,
       -1.5645601272931093e+00, 1.0269062093837539e+02,
       -9.0162118865993165e+01, 3.4881599829220409e+02,
       -3.0851291005749981e-01, -2.9888926014029701e-02,
       -1.5568711887426379e+00, 1.1151232321507575e+02,
       -6.9249414727738070e+01, 3.9641298263074930e+02,
       -5.9394059013190204e-01, -3.9021707169666457e-02,
       -1.5292405114110603e+00, 1.5534051873337364e+02,
       -5.4458346774113394e+01, 4.3731195601219355e+02,
       -8.7878397706890299e-01, -4.1907825312236968e-02,
       -1.4829411514447359e+00, 8.3235412259724541e+01,
       -5.4445386694443812e+01, 4.4716542439473363e+02,
       2.7308806750738640e-01, -1.0192329882334806e-02,
       -1.5509046061467171e+00, 1.3595364988146235e+02,
       -6.4183750762961012e+01, 3.4045708632546086e+02,
       5.6092626074395646e-01, -4.3887702751520749e-03,
       -1.5190481916130700e+00, 1.2153068532040615e+02,
       -7.8478443960007894e+01, 3.6038842164212213e+02,
       1.5567033069002673e-01, -9.9504450291221458e-02,
       -1.5605047755075541e+00, 1.0296441783043440e+02,
       -9.4533403073459851e+01, 3.9856110888083185e+02,
       -4.4874230753149769e-01, -1.7688546037383748e-01,
       -1.5238421721377222e+00, 1.0689836052862101e+02,
       -7.0137446448943109e+01, 4.5211569087055358e+02,
       -4.8254199829605438e-01, 1.0263310884393449e-01,
       -1.5774053024253356e+00, 8.5539190159533433e+01,
       -7.4948936909560871e+01, 3.8532684577131641e+02,
       -6.1638258021175418e-01, 2.2830232779112133e-01,
       -1.5484390852728520e+00, 5.7156272202833037e+01,
       -7.7718013565955175e+01, 3.9071688467231041e+02,
       2.7660233669201056e-01, -2.8148700918444354e-02,
       -1.6728902126398397e+00, 1.0669110333212916e+02,
       -8.2628435485076608e+01, 3.9325733624044057e+02,
       1.0056208224478914e-01, -2.6368856533511204e-01,
       -1.3733711566856348e+00, 1.1954900334462131e+02,
       -5.2011611973216830e+01, 4.4402538294275803e+02,
       -1.0384020706843930e-01, -3.4567032672732798e-02,
       -1.3475316293615145e+00, 1.5854541990732540e+02,
       -5.9566124235205770e+01, 4.1643068426176421e+02,
       -1.0378141517807025e-01, -1.4275110651696362e-02,
       -1.8544901424566593e+00, 7.7024964282407396e+01,
       -9.9156675596171880e+01, 4.9037824597610779e+02,
       -4.2054083918618129e-01, 6.8566189371274622e-02,
       -1.5681344318791663e+00, 3.8652548736695678e+01,
       -6.9320709856316924e+01, 4.2525199576248104e+02,
       -5.0088319566920680e-01, 1.8277973575080106e-01,
       -1.9172143298727773e+00, 3.8894137844980577e+01,
       -9.0580114043468427e+01, 4.4822257930363060e+02,
       -7.3987119218396113e-01, 6.8049267991846449e-03,
       -1.8304719142306589e+00, 7.3864921479866723e+01,
       -8.6311739005062876e+01, 5.2925187946879862e+02,
       1.0709374742236638e-01, -3.2570394261802682e-01,
       -1.3862724624830818e+00, 1.3835965859536060e+02,
       -4.2833783724768146e+01, 4.6631189674044930e+02,
       1.0402092329785444e-01, -3.2504101806163910e-01,
       -1.3884147889303267e+00, 6.8153954151815228e+01,
       -4.5278350863324469e+01, 4.4246422187178348e+02,
       -5.0058332114833437e-01, -2.3679553232354766e-01,
       -1.5067183583522321e+00, 1.2204711491085504e+02,
       -6.2004002434390095e+01, 5.4349778998033173e+02,
       -6.1101251018280500e-01, -3.4984487837970846e-01,
       -1.4727214505720179e+00, 1.0164653359235164e+02,
       -4.3775085084255501e+01, 4.2298825527922168e+02,
       -5.9779348560471968e-01, 7.1430822843613351e-02,
       -1.5380200711100045e+00, 7.3564971644914607e+01,
       -7.0376929885862793e+01, 4.0107934853605502e+02,
       -2.2527862049910806e-03, 2.5750158928962824e-01,
       -1.6491967314939890e+00, 1.0178287503489811e+02,
       -7.5844515934057085e+01, 3.2521002732552296e+02,
       3.6716862710174832e-02, 7.1343924242413120e-02,
       -1.4988606117612613e+00, 1.8559076116331556e+02,
       -6.9363216136014998e+01, 3.7211158781703023e+02,
       2.6335489052936881e-02, 6.7357109975091339e-02,
       -1.4993583996168471e+00, 1.5053523019165516e+02,
       -5.3988525190045976e+01, 4.1841934349710488e+02,
       -1.3668732703105504e-02, -2.6811879208566676e-03,
       -1.5507706810736288e+00, 1.1210730775055713e+02,
       -8.0326453694709059e+01, 3.6322652737404007e+02,
       -2.2958121703246118e-01, 1.6482882816813447e-04,
       -1.5462186142657699e+00, 1.2638488500148843e+02,
       -6.4868953626315928e+01, 4.4232241763570596e+02,
       -3.9134539474812485e-01, 2.5499889439648357e-02,
       -1.5284168321151801e+00, 1.4855076069177670e+02,
       -6.9479586107447986e+01, 4.2840132471475602e+02,
       -4.9442096402452967e-01, 7.7750218624698872e-02,
       -1.4689053527846123e+00, 1.4994685906461308e+02,
       -6.8566509762364191e+01, 4.0526073047544787e+02,
       1.9984297647183641e-01, 7.7358971922217787e-02,
       -1.5726679780644450e+00, 1.1955593234246666e+02,
       -9.3076486113048219e+01, 3.9572464325293794e+02,
       4.6536969197903755e-01, 2.9876497714975903e-02,
       -1.5512196070872264e+00, 9.8356391024755368e+01,
       -1.0342153224521084e+02, 4.2226927646217030e+02,
       2.9276290136025146e-01, -3.8870808102098746e-02,
       -1.5586594818743951e+00, 1.0155973643077287e+02,
       -9.5871540780423686e+01, 4.1311488249291574e+02,
       3.9107337659060930e-02, -2.0245878322461452e-01,
       -1.5796546893992252e+00, -4.7203872998197767e+00,
       -6.4533544009021313e+01, 4.6342965520054099e+02,
       -1.2027528642753989e-01, 4.0246974585398049e-01,
       -1.5468718999245916e+00, 5.4287275900994871e+01,
       -7.2398728323079808e+01, 3.3292738592834644e+02,
       -2.9938835688094634e-01, 3.8619911327461415e-01,
       -1.5488737754258941e+00, 5.5461771544971413e+01,
       -8.0821826395409573e+01, 3.4293776288041062e+02,
