%YAML:1.0
---
calibration_time: "2020年07月20日 星期一 18时48分57秒"
nframes: 16
image_width: 640
image_height: 480
board_width: 9
board_height: 6
square_size: 25.
flags: 0
camera_matrix: !!opencv-matrix
   rows: 3
   cols: 3
   dt: d
   data: [ 5.3600771437184039e+02, 0., 3.1825219296034606e+02, 0.,
       5.3628203808393198e+02, 2.3694059633001419e+02, 0., 0., 1. ]
distortion_coefficients: !!opencv-matrix
   rows: 5
   cols: 1
   dt: d
   data: [ 4.4792799635397694e-02, -1.2835914123170269e-01,
       -8.1836770896274733e-05, 9.4622217963115504e-04,
       8.0108642331383952e-03 ]
avg_reprojection_error: 1.5601000017276084e-01
per_view_reprojection_errors: !!opencv-matrix
   rows: 16
   cols: 1
   dt: f
   data: [ 1.23233229e-01, 1.68515086e-01, 1.94057718e-01,
       1.44864827e-01, 1.33832216e-01, 1.28005967e-01, 1.20813385e-01,
       1.41968593e-01, 1.53925255e-01, 1.75659165e-01, 1.50101826e-01,
       1.93209097e-01, 1.52326494e-01, 2.07956597e-01, 1.59146160e-01,
       1.09380767e-01 ]
# a set of 6-tuples (rotation vector + translation vector) for each view
extrinsic_parameters: !!opencv-matrix
   rows: 16
   cols: 6
   dt: d
   data: [ 4.5446470640546149e-01, -3.9536658958725901e-01,
       1.1526687102205432e-01, -5.6046375305518744e+01,
       -3.3004568584697473e+01, 1.9223598908553856e+02,
       4.5592179486232498e-01, 1.0795271283872358e-02,
       -3.3186514834810867e-02, -1.1032781662955453e+02,
       -5.0142847273613214e+01, 2.4403762163008386e+02,
       1.2366559776984921e-01, -1.8375625361452100e-01,
       -5.1430515742109849e-02, -8.6829728569495288e+01,
       -6.3860125510056982e+01, 2.4791663283877583e+02,
       2.6662716648228069e-01, 4.1074380179413533e-01,
       -2.9860937700020053e-02, -1.4204295458756945e+02,
       -6.4232504422687427e+01, 2.7930234728773866e+02,
       -3.8058338228622601e-01, 7.1575093585327917e-02,
       7.9855714734173258e-02, -9.5025924312579320e+01,
       -7.6258718402627366e+01, 2.7806116762663390e+02,
       -3.4414680219470689e-01, -4.2391613487731344e-01,
       1.7274412669633249e-01, -6.9191805257467678e+01,
       -7.3764354391050801e+01, 2.3172833688361968e+02,
       3.7548177911125652e-01, -8.4931546373072764e-02,
       -4.7907719694960582e-01, -1.1289431196189412e+02,
       -9.3112922553138464e+00, 3.0995574933946591e+02,
       3.5961022168059181e-01, 2.9038929249211570e-01,
       6.6362259257853856e-02, -1.1806470997305696e+02,
       -6.9357242851665390e+01, 2.7052720169723545e+02,
       -7.2769612774949211e-01, -7.9687143319718781e-02,
       1.8032877651806018e-03, -9.1453057744749898e+01,
       -6.7749326869193609e+01, 3.0305037529983906e+02,
       1.6345084864178003e-01, -1.9509745288917435e-01,
       6.3218683417296362e-02, -8.0550647164358537e+01,
       -6.3359087185370157e+01, 2.1678066932252000e+02,
       4.0160270776540918e-01, 2.9416547105293916e-01,
       -3.1228704845814115e-01, -1.2465485694847639e+02,
       -2.7044814683928010e+01, 2.7045392443458115e+02,
       3.5840417928708396e-01, -6.6678049943981688e-01,
       3.0126525919108560e+00, -1.0366318274575977e+02,
       -6.0833319067748718e+01, 2.5893930073490520e+02,
       7.1038938564328014e-01, 1.0981170181570500e-01,
       -1.0938588524458387e-01, -9.1501711881945553e+01,
       -4.1877591963389499e+01, 2.3844481378652489e+02,
       1.8465280626340544e-01, -5.5791126910679933e-01,
       3.0393528745171912e+00, -5.4314280224134578e+01,
       -9.3676490859271340e+01, 2.7443406962927241e+02,
       1.7490756001475935e-01, -6.4470909501981907e-02,
       -4.7991864291910602e-02, -9.7414216299798611e+01,
       -4.4725060482047468e+01, 2.1905934858823088e+02,
       -3.6609513007651712e-01, -4.4164353535920536e-01,
       2.7834793440653816e-01, -5.3265637574109036e+01,
       -8.5604890054675266e+01, 2.5555439474265449e+02 ]
