%YAML:1.0
---
varify_num: 5
varify_pose_1: !!opencv-matrix
   rows: 1
   cols: 6
   dt: d
   data: [ -5.7037323208042168e-01, 3.0807617054163405e-01,
       4.0766980200143821e-01, 4.1355567330670245e-01,
       3.0265558563916359e+00, -1.4121564089265262e-01 ]
varify_pose_2: !!opencv-matrix
   rows: 1
   cols: 6
   dt: d
   data: [ -4.6392464425555369e-01, 1.7115250570073806e-01,
       3.2578225472327810e-01, -6.3958115500042523e-01,
       -2.9704753970038360e+00, -2.2271262895003144e-01 ]
varify_pose_3: !!opencv-matrix
   rows: 1
   cols: 6
   dt: d
   data: [ -5.3640619514550769e-01, 2.2224226140613992e-01,
       3.1589331829134337e-01, 3.5092565646645056e-02,
       3.1168836346236688e+00, -1.6307985683610211e-02 ]
varify_pose_4: !!opencv-matrix
   rows: 1
   cols: 6
   dt: d
   data: [ -5.6695544565147404e-01, 3.2504337923325266e-01,
       3.6083251557938661e-01, 4.1355567330670245e-01,
       3.0265558563916359e+00, -1.4121564089265262e-01 ]
varify_pose_5: !!opencv-matrix
   rows: 1
   cols: 6
   dt: d
   data: [ -5.4797343052642566e-01, 1.2894810314570759e-01,
       3.0942505347192006e-01, -1.6793755511919601e+00,
       -2.3797250871507392e+00, -8.3280824516169372e-01 ]
