%YAML:1.0
---
varify_num: 5
varify_pose_1: !!opencv-matrix
   rows: 1
   cols: 6
   dt: d
   data: [ 6.5168957896149238e-02, 5.6138965061633972e-01,
       2.9890544958780368e-01, -4.4283201631925229e-02,
       -4.3599530588404600e-02, 3.9396046068610982e-02 ]
varify_pose_2: !!opencv-matrix
   rows: 1
   cols: 6
   dt: d
   data: [ -4.8701564567556609e-02, 6.7046349986423071e-01,
       2.5802113764908702e-01, 2.5559667428008126e+00,
       -1.4874842754211892e+00, 4.1786980497606518e-01 ]
varify_pose_3: !!opencv-matrix
   rows: 1
   cols: 6
   dt: d
   data: [ 1.1588381589856525e-01, 8.9775531122571972e-01,
       2.5503745789464405e-01, 2.7671865479734512e+00,
       -8.6418355103839084e-01, 4.0229115825479467e-01 ]
varify_pose_4: !!opencv-matrix
   rows: 1
   cols: 6
   dt: d
   data: [ 8.1895617114967706e-02, 5.3356958008014554e-01,
       3.0443415788661071e-01, -4.4283201631925229e-02,
       -4.3599530588404600e-02, 3.9396046068610982e-02 ]
varify_pose_5: !!opencv-matrix
   rows: 1
   cols: 6
   dt: d
   data: [ -5.1816796683733524e-01, 8.7421873756239954e-01,
       2.5965281223432229e-01, 1.7248136515759973e+00,
       -2.4618281136410269e+00, 7.6834039815780381e-02 ]
