%YAML:1.0
---
calibration_time: "2020年07月19日 星期日 22时15分27秒"
nframes: 16
image_width: 640
image_height: 480
board_width: 9
board_height: 6
square_size: 25.
flags: 0
camera_matrix: !!opencv-matrix
   rows: 3
   cols: 3
   dt: d
   data: [ 5.3600771437184039e+02, 0., 3.1825219296034606e+02, 0.,
       5.3628203808393198e+02, 2.3694059633001419e+02, 0., 0., 1. ]
distortion_coefficients: !!opencv-matrix
   rows: 5
   cols: 1
   dt: d
   data: [ 4.4792799635397694e-02, -1.2835914123170269e-01,
       -8.1836770896274733e-05, 9.4622217963115504e-04,
       8.0108642331383952e-03 ]
avg_reprojection_error: 1.5601000017276084e-01
per_view_reprojection_errors: !!opencv-matrix
   rows: 16
   cols: 1
   dt: f
   data: [ 1.23233229e-01, 1.68515086e-01, 1.94057718e-01,
       1.44864827e-01, 1.33832216e-01, 1.28005967e-01, 1.20813385e-01,
       1.41968593e-01, 1.53925255e-01, 1.75659165e-01, 1.50101826e-01,
       1.93209097e-01, 1.52326494e-01, 2.07956597e-01, 1.59146160e-01,
       1.09380767e-01 ]
# a set of 6-tuples (rotation vector + translation vector) for each view
extrinsic_parameters: !!opencv-matrix
   rows: 16
   cols: 6
   dt: d
   data: [ 4.5446470640546149e-01, -3.9536658958725901e-01,
       1.1526687102205432e-01, -5.6046375305518744e+01,
       -3.3004568584697473e+01, 1.9223598908553856e+02,
       1.6636044551545572e-02, -7.0259793310441054e-01,
       3.0282093124800675e+00, 9.3860053701989571e+01,
       5.6097999822419666e+01, 2.9546909076898640e+02,
       1.2366559776984921e-01, -1.8375625361452100e-01,
       -5.1430515742109849e-02, -8.6829728569495288e+01,
       -6.3860125510056982e+01, 2.4791663283877583e+02,
       -1.1344689035702704e-01, 5.3321831864032287e-01,
       -1.5661764908791120e+00, 4.1334295774087934e+01,
       -5.9234344428669232e+01, 1.9962924990554686e+02,
       -3.8058338228622601e-01, 7.1575093585327917e-02,
       7.9855714734173258e-02, -9.5025924312579320e+01,
       -7.6258718402627366e+01, 2.7806116762663390e+02,
       -3.4414680219470689e-01, -4.2391613487731344e-01,
       1.7274412669633249e-01, -6.9191805257467678e+01,
       -7.3764354391050801e+01, 2.3172833688361968e+02,
       -1.1465369759466380e-01, -5.0688320409738008e-01,
       2.6143855826214475e+00, 1.1842280238325048e+02,
       2.6570421187036963e-01, 3.5496323482469211e+02,
       3.5961022168059181e-01, 2.9038929249211570e-01,
       6.6362259257853856e-02, -1.1806470997305696e+02,
       -6.9357242851665390e+01, 2.7052720169723545e+02,
       -6.3168301207987676e-01, 5.0699126648653581e-01,
       1.4956656325952187e+00, -8.8193604800425888e+01,
       2.5605988603971426e+01, 2.1998918677349079e+02,
       2.7905047811594536e-01, -2.4629875551701923e-02,
       -1.4984241296729028e+00, 1.1526744153310753e+02,
       -5.4030433211272303e+01, 2.5638183538998408e+02,
       4.0160270776540918e-01, 2.9416547105293916e-01,
       -3.1228704845814115e-01, -1.2465485694847639e+02,
       -2.7044814683928010e+01, 2.7045392443458115e+02,
       4.3362965099845657e-01, 2.3308222017772948e-01,
       -3.5647449260406375e-02, 3.4679010241008953e+01,
       1.2252993157769795e+02, 3.1245897891355975e+02,
       6.3213824961623644e-01, -4.6287200982566545e-01,
       1.3886021148201340e+00, -7.4337297922934980e+01,
       5.2231449861569281e+01, 3.1890518378462946e+02,
       3.7622796827512045e-01, -1.8911536091623421e-01,
       1.5038821387125505e+00, 6.9664765610019927e+01,
       -9.6627187721256391e+01, 2.5876596246595221e+02,
       -9.9600568274722273e-02, -2.7021322496590083e-01,
       3.0802370407940445e+00, 1.0720120496303583e+02,
       6.7561911620435524e+01, 2.5295868895775735e+02,
       -3.6609513007651712e-01, -4.4164353535920536e-01,
       2.7834793440653816e-01, -5.3265637574109036e+01,
       -8.5604890054675266e+01, 2.5555439474265449e+02 ]
