%YAML:1.0
---
varify_num: 5
varify_pose_1: !!opencv-matrix
   rows: 1
   cols: 6
   dt: d
   data: [ -1.5278752764633714e+00, 1.9742844552872965e+00,
       4.0107716630398388e-02, -1.2400038245316445e+00,
       1.1381122321777806e+00, 6.8007983980924913e-01 ]
varify_pose_2: !!opencv-matrix
   rows: 1
   cols: 6
   dt: d
   data: [ -7.7579359158108485e-01, 2.4204885187871632e+00,
       -2.3018862515133945e-01, -1.4707439770370487e+00,
       1.0527779826566082e+00, 7.6561978301403866e-01 ]
varify_pose_3: !!opencv-matrix
   rows: 1
   cols: 6
   dt: d
   data: [ -2.0969107957587210e+00, 2.0606646340368928e+00,
       4.3536819571423961e-02, -1.3483149976220334e+00,
       1.1926724391366763e+00, 4.3442248047684051e-01 ]
varify_pose_4: !!opencv-matrix
   rows: 1
   cols: 6
   dt: d
   data: [ -1.4899038213996618e+00, 1.6867947271792632e+00,
       4.6278611599243166e-02, -1.2400038245316445e+00,
       1.1381122321777806e+00, 6.8007983980924913e-01 ]
varify_pose_5: !!opencv-matrix
   rows: 1
   cols: 6
   dt: d
   data: [ -1.5573328223382528e+00, 1.6141372014314905e+00,
       -1.7922455964680042e+00, 1.1471340018712690e+00,
       -8.8041252034224049e-01, 1.4066134027249704e+00 ]
